0 2 1
0.01 1.9999 1.01005
0.02 1.9996 1.0202
0.03 1.99909 1.03045
0.04 1.99838 1.04079
0.05 1.99746 1.05123
0.06 1.99633 1.06176
0.07 1.99499 1.07238
0.08 1.99344 1.0831
0.09 1.99168 1.0939
0.1 1.9897 1.10479
0.11 1.98751 1.11577
0.12 1.9851 1.12683
0.13 1.98247 1.13797
0.14 1.97963 1.14919
0.15 1.97657 1.16049
0.16 1.97329 1.17185
0.17 1.96979 1.1833
0.18 1.96606 1.1948
0.19 1.96213 1.20638
0.2 1.95797 1.21802
0.21 1.95359 1.22972
0.22 1.94899 1.24147
0.23 1.94418 1.25328
0.24 1.93914 1.26513
0.25 1.93389 1.27704
0.26 1.92843 1.28899
0.27 1.92275 1.30097
0.28 1.91685 1.31299
0.29 1.91075 1.32505
0.3 1.90443 1.33713
0.31 1.89791 1.34923
0.32 1.89118 1.36136
0.33 1.88424 1.3735
0.34 1.8771 1.38565
0.35 1.86976 1.3978
0.36 1.86223 1.40996
0.37 1.8545 1.42211
0.38 1.84657 1.43426
0.39 1.83846 1.4464
0.4 1.83016 1.45851
0.41 1.82168 1.47061
0.42 1.81302 1.48268
0.43 1.80418 1.49472
0.44 1.79517 1.50672
0.45 1.78599 1.51868
0.46 1.77664 1.53059
0.47 1.76713 1.54245
0.48 1.75747 1.55425
0.49 1.74765 1.56599
0.5 1.73769 1.57767
0.51 1.72758 1.58927
0.52 1.71733 1.60079
0.53 1.70694 1.61223
0.54 1.69643 1.62359
0.55 1.68579 1.63485
0.56 1.67503 1.64601
0.57 1.66415 1.65707
0.58 1.65316 1.66802
0.59 1.64206 1.67885
0.6 1.63087 1.68957
0.61 1.61957 1.70017
0.62 1.60819 1.71064
0.63 1.59672 1.72098
0.64 1.58517 1.73118
0.65 1.57354 1.74124
0.66 1.56184 1.75115
0.67 1.55008 1.76091
0.68 1.53825 1.77052
0.69 1.52637 1.77997
0.7 1.51444 1.78926
0.71 1.50247 1.79838
0.72 1.49046 1.80733
0.73 1.47841 1.81611
0.74 1.46633 1.82471
0.75 1.45422 1.83312
0.76 1.4421 1.84136
0.77 1.42996 1.8494
0.78 1.41781 1.85726
0.79 1.40565 1.86492
0.8 1.39349 1.87239
0.81 1.38134 1.87966
0.82 1.36919 1.88672
0.83 1.35706 1.89359
0.84 1.34494 1.90024
0.85 1.33284 1.9067
0.86 1.32077 1.91294
0.87 1.30873 1.91897
0.88 1.29672 1.92479
0.89 1.28475 1.93039
0.9 1.27281 1.93578
0.91 1.26093 1.94095
0.92 1.24909 1.94591
0.93 1.2373 1.95065
0.94 1.22556 1.95516
0.95 1.21389 1.95947
0.96 1.20227 1.96355
0.97 1.19072 1.96741
0.98 1.17923 1.97105
0.99 1.16782 1.97447
1 1.15647 1.97768
1.01 1.1452 1.98066
1.02 1.13401 1.98343
1.03 1.1229 1.98598
1.04 1.11187 1.98831
1.05 1.10092 1.99043
1.06 1.09006 1.99233
1.07 1.07929 1.99402
1.08 1.06861 1.99549
1.09 1.05802 1.99676
1.1 1.04752 1.99781
1.11 1.03711 1.99866
1.12 1.0268 1.99929
1.13 1.01659 1.99973
1.14 1.00648 1.99996
1.15 0.996462 1.99999
1.16 0.986548 1.99982
1.17 0.976735 1.99945
1.18 0.967024 1.99889
1.19 0.957416 1.99813
1.2 0.947912 1.99719
1.21 0.938512 1.99605
1.22 0.929216 1.99473
1.23 0.920025 1.99323
1.24 0.91094 1.99155
1.25 0.901961 1.98968
1.26 0.893087 1.98765
1.27 0.88432 1.98543
1.28 0.875658 1.98305
1.29 0.867103 1.9805
1.3 0.858654 1.97779
1.31 0.850312 1.97491
1.32 0.842075 1.97188
1.33 0.833944 1.96869
1.34 0.825918 1.96534
1.35 0.817998 1.96184
1.36 0.810182 1.9582
1.37 0.802471 1.95441
1.38 0.794864 1.95048
1.39 0.787361 1.94641
1.4 0.779961 1.9422
1.41 0.772663 1.93786
1.42 0.765468 1.93339
1.43 0.758373 1.9288
1.44 0.75138 1.92407
1.45 0.744486 1.91923
1.46 0.737693 1.91427
1.47 0.730997 1.90919
1.48 0.7244 1.904
1.49 0.7179 1.89869
1.5 0.711496 1.89328
1.51 0.705188 1.88777
1.52 0.698975 1.88215
1.53 0.692856 1.87644
1.54 0.68683 1.87063
1.55 0.680896 1.86472
1.56 0.675054 1.85873
1.57 0.669302 1.85265
1.58 0.66364 1.84648
1.59 0.658067 1.84022
1.6 0.652581 1.83389
1.61 0.647183 1.82748
1.62 0.64187 1.821
1.63 0.636643 1.81444
1.64 0.6315 1.80781
1.65 0.62644 1.80112
1.66 0.621462 1.79436
1.67 0.616566 1.78753
1.68 0.611751 1.78065
1.69 0.607015 1.77371
1.7 0.602357 1.76671
1.71 0.597778 1.75966
1.72 0.593275 1.75256
1.73 0.588848 1.7454
1.74 0.584496 1.7382
1.75 0.580218 1.73096
1.76 0.576013 1.72367
1.77 0.571881 1.71634
1.78 0.56782 1.70898
1.79 0.563829 1.70157
1.8 0.559908 1.69413
1.81 0.556056 1.68666
1.82 0.552272 1.67916
1.83 0.548554 1.67163
1.84 0.544903 1.66407
1.85 0.541317 1.65648
1.86 0.537795 1.64887
1.87 0.534337 1.64124
1.88 0.530942 1.63359
1.89 0.527609 1.62591
1.9 0.524337 1.61823
1.91 0.521126 1.61052
1.92 0.517974 1.6028
1.93 0.514881 1.59507
1.94 0.511846 1.58733
1.95 0.508868 1.57957
1.96 0.505947 1.57181
1.97 0.503082 1.56404
1.98 0.500272 1.55627
1.99 0.497516 1.54849
2 0.494814 1.54071
2.01 0.492165 1.53292
2.02 0.489568 1.52514
2.03 0.487023 1.51735
2.04 0.484528 1.50957
2.05 0.482084 1.50179
2.06 0.47969 1.49401
2.07 0.477345 1.48624
2.08 0.475048 1.47848
2.09 0.472798 1.47072
2.1 0.470596 1.46297
2.11 0.468441 1.45523
2.12 0.466331 1.4475
2.13 0.464267 1.43978
2.14 0.462247 1.43207
2.15 0.460272 1.42438
2.16 0.458341 1.4167
2.17 0.456452 1.40903
2.18 0.454606 1.40138
2.19 0.452803 1.39375
2.2 0.45104 1.38613
2.21 0.449319 1.37853
2.22 0.447639 1.37095
2.23 0.445998 1.36338
2.24 0.444397 1.35584
2.25 0.442835 1.34832
2.26 0.441312 1.34082
2.27 0.439827 1.33334
2.28 0.43838 1.32588
2.29 0.43697 1.31844
2.3 0.435597 1.31103
2.31 0.43426 1.30364
2.32 0.432959 1.29628
2.33 0.431694 1.28894
2.34 0.430464 1.28163
2.35 0.429269 1.27435
2.36 0.428109 1.26709
2.37 0.426982 1.25985
2.38 0.42589 1.25265
2.39 0.42483 1.24547
2.4 0.423804 1.23832
2.41 0.42281 1.2312
2.42 0.421849 1.22411
2.43 0.420919 1.21705
2.44 0.420021 1.21001
2.45 0.419155 1.20301
2.46 0.418319 1.19604
2.47 0.417515 1.1891
2.48 0.41674 1.18218
2.49 0.415996 1.17531
2.5 0.415282 1.16846
2.51 0.414597 1.16164
2.52 0.413941 1.15486
2.53 0.413315 1.1481
2.54 0.412717 1.14139
2.55 0.412148 1.1347
2.56 0.411607 1.12804
2.57 0.411093 1.12142
2.58 0.410608 1.11484
2.59 0.41015 1.10828
2.6 0.40972 1.10176
2.61 0.409316 1.09528
2.62 0.40894 1.08882
2.63 0.40859 1.0824
2.64 0.408266 1.07602
2.65 0.407969 1.06967
2.66 0.407698 1.06335
2.67 0.407452 1.05707
2.68 0.407233 1.05083
2.69 0.407038 1.04462
2.7 0.406869 1.03844
2.71 0.406726 1.0323
2.72 0.406607 1.02619
2.73 0.406512 1.02012
2.74 0.406443 1.01408
2.75 0.406398 1.00808
2.76 0.406377 1.00211
2.77 0.406381 0.996183
2.78 0.406408 0.990287
2.79 0.40646 0.984426
2.8 0.406535 0.978601
2.81 0.406634 0.972811
2.82 0.406756 0.967056
2.83 0.406902 0.961337
2.84 0.40707 0.955653
2.85 0.407263 0.950004
2.86 0.407478 0.944391
2.87 0.407716 0.938813
2.88 0.407977 0.93327
2.89 0.40826 0.927762
2.9 0.408566 0.92229
2.91 0.408895 0.916853
2.92 0.409246 0.911451
2.93 0.40962 0.906084
2.94 0.410016 0.900752
2.95 0.410434 0.895455
2.96 0.410874 0.890194
2.97 0.411336 0.884967
2.98 0.41182 0.879775
2.99 0.412326 0.874617
3 0.412854 0.869495
3.01 0.413404 0.864407
3.02 0.413975 0.859354
3.03 0.414568 0.854335
3.04 0.415183 0.84935
3.05 0.415819 0.8444
3.06 0.416477 0.839485
3.07 0.417156 0.834603
3.08 0.417857 0.829756
3.09 0.418579 0.824943
3.1 0.419322 0.820163
3.11 0.420087 0.815417
3.12 0.420873 0.810706
3.13 0.42168 0.806027
3.14 0.422509 0.801383
3.15 0.423359 0.796772
3.16 0.42423 0.792194
3.17 0.425122 0.787649
3.18 0.426035 0.783138
3.19 0.42697 0.778659
3.2 0.427925 0.774214
3.21 0.428902 0.769801
3.22 0.4299 0.765421
3.23 0.430919 0.761074
3.24 0.431959 0.756759
3.25 0.43302 0.752476
3.26 0.434103 0.748226
3.27 0.435206 0.744008
3.28 0.436331 0.739822
3.29 0.437477 0.735667
3.3 0.438644 0.731545
3.31 0.439832 0.727454
3.32 0.441041 0.723395
3.33 0.442272 0.719367
3.34 0.443524 0.715371
3.35 0.444797 0.711405
3.36 0.446091 0.707471
3.37 0.447407 0.703568
3.38 0.448744 0.699695
3.39 0.450102 0.695854
3.4 0.451481 0.692042
3.41 0.452883 0.688262
3.42 0.454305 0.684511
3.43 0.455749 0.680791
3.44 0.457215 0.677101
3.45 0.458702 0.673441
3.46 0.460211 0.66981
3.47 0.461741 0.666209
3.48 0.463293 0.662638
3.49 0.464867 0.659096
3.5 0.466463 0.655584
3.51 0.46808 0.652101
3.52 0.46972 0.648647
3.53 0.471381 0.645222
3.54 0.473064 0.641825
3.55 0.47477 0.638457
3.56 0.476497 0.635118
3.57 0.478247 0.631808
3.58 0.480019 0.628525
3.59 0.481813 0.625271
3.6 0.48363 0.622045
3.61 0.485469 0.618847
3.62 0.487331 0.615677
3.63 0.489215 0.612534
3.64 0.491122 0.609419
3.65 0.493052 0.606332
3.66 0.495004 0.603272
3.67 0.496979 0.600239
3.68 0.498977 0.597233
3.69 0.500999 0.594254
3.7 0.503043 0.591302
3.71 0.505111 0.588377
3.72 0.507201 0.585479
3.73 0.509315 0.582607
3.74 0.511453 0.579761
3.75 0.513614 0.576942
3.76 0.515799 0.574149
3.77 0.518007 0.571382
3.78 0.520239 0.568641
3.79 0.522495 0.565925
3.8 0.524776 0.563236
3.81 0.52708 0.560572
3.82 0.529408 0.557934
3.83 0.53176 0.555321
3.84 0.534137 0.552733
3.85 0.536538 0.550171
3.86 0.538964 0.547634
3.87 0.541415 0.545121
3.88 0.54389 0.542634
3.89 0.54639 0.540171
3.9 0.548915 0.537733
3.91 0.551465 0.53532
3.92 0.55404 0.532931
3.93 0.55664 0.530567
3.94 0.559266 0.528226
3.95 0.561917 0.52591
3.96 0.564594 0.523618
3.97 0.567296 0.521351
3.98 0.570025 0.519107
3.99 0.572779 0.516887
4 0.575559 0.51469
4.01 0.578365 0.512517
4.02 0.581198 0.510368
4.03 0.584057 0.508242
4.04 0.586942 0.50614
4.05 0.589854 0.504061
4.06 0.592793 0.502005
4.07 0.595759 0.499973
4.08 0.598751 0.497963
4.09 0.60177 0.495977
4.1 0.604817 0.494013
4.11 0.607891 0.492072
4.12 0.610992 0.490154
4.13 0.614121 0.488259
4.14 0.617278 0.486386
4.15 0.620462 0.484536
4.16 0.623675 0.482708
4.17 0.626915 0.480902
4.18 0.630183 0.479119
4.19 0.63348 0.477359
4.2 0.636805 0.47562
4.21 0.640158 0.473904
4.22 0.643541 0.472209
4.23 0.646952 0.470537
4.24 0.650391 0.468887
4.25 0.65386 0.467259
4.26 0.657358 0.465652
4.27 0.660885 0.464068
4.28 0.664442 0.462505
4.29 0.668028 0.460964
4.3 0.671644 0.459444
4.31 0.675289 0.457946
4.32 0.678965 0.45647
4.33 0.68267 0.455016
4.34 0.686406 0.453582
4.35 0.690172 0.452171
4.36 0.693968 0.450781
4.37 0.697794 0.449412
4.38 0.701652 0.448064
4.39 0.70554 0.446738
4.4 0.709459 0.445433
4.41 0.713409 0.44415
4.42 0.71739 0.442887
4.43 0.721402 0.441646
4.44 0.725446 0.440427
4.45 0.729521 0.439228
4.46 0.733628 0.438051
4.47 0.737766 0.436894
4.48 0.741936 0.435759
4.49 0.746139 0.434645
4.5 0.750373 0.433552
4.51 0.75464 0.432481
4.52 0.758939 0.43143
4.53 0.76327 0.430401
4.54 0.767634 0.429392
4.55 0.77203 0.428405
4.56 0.77646 0.427439
4.57 0.780922 0.426494
4.58 0.785417 0.42557
4.59 0.789945 0.424668
4.6 0.794507 0.423786
4.61 0.799101 0.422926
4.62 0.803729 0.422087
4.63 0.808391 0.421269
4.64 0.813086 0.420473
4.65 0.817815 0.419697
4.66 0.822578 0.418943
4.67 0.827375 0.418211
4.68 0.832205 0.4175
4.69 0.83707 0.41681
4.7 0.841969 0.416141
4.71 0.846902 0.415494
4.72 0.851869 0.414869
4.73 0.856871 0.414265
4.74 0.861907 0.413683
4.75 0.866978 0.413123
4.76 0.872083 0.412584
4.77 0.877223 0.412067
4.78 0.882398 0.411572
4.79 0.887608 0.411099
4.8 0.892852 0.410648
4.81 0.898132 0.410219
4.82 0.903446 0.409813
4.83 0.908796 0.409428
4.84 0.914181 0.409066
4.85 0.9196 0.408726
4.86 0.925055 0.408409
4.87 0.930546 0.408114
4.88 0.936071 0.407842
4.89 0.941632 0.407592
4.9 0.947228 0.407366
4.91 0.952859 0.407162
4.92 0.958525 0.406982
4.93 0.964227 0.406825
4.94 0.969964 0.406691
4.95 0.975737 0.406581
4.96 0.981545 0.406494
4.97 0.987388 0.406431
4.98 0.993267 0.406391
4.99 0.99918 0.406376
5 1.00513 0.406385
5.01 1.01111 0.406418
5.02 1.01713 0.406475
5.03 1.02319 0.406557
5.04 1.02928 0.406664
5.05 1.0354 0.406795
5.06 1.04156 0.406952
5.07 1.04776 0.407134
5.08 1.05398 0.407341
5.09 1.06025 0.407573
5.1 1.06655 0.407832
5.11 1.07288 0.408116
5.12 1.07925 0.408427
5.13 1.08565 0.408764
5.14 1.09208 0.409127
5.15 1.09855 0.409517
5.16 1.10506 0.409934
5.17 1.1116 0.410379
5.18 1.11817 0.41085
5.19 1.12477 0.41135
5.2 1.13141 0.411877
5.21 1.13808 0.412432
5.22 1.14478 0.413016
5.23 1.15152 0.413628
5.24 1.15829 0.414269
5.25 1.16509 0.41494
5.26 1.17192 0.41564
5.27 1.17878 0.416369
5.28 1.18568 0.417129
5.29 1.19261 0.417918
5.3 1.19956 0.418738
5.31 1.20655 0.41959
5.32 1.21357 0.420472
5.33 1.22062 0.421386
5.34 1.22769 0.422331
5.35 1.2348 0.423309
5.36 1.24194 0.424319
5.37 1.2491 0.425362
5.38 1.25629 0.426439
5.39 1.26351 0.427548
5.4 1.27076 0.428692
5.41 1.27803 0.42987
5.42 1.28533 0.431082
5.43 1.29265 0.43233
5.44 1.30001 0.433613
5.45 1.30738 0.434932
5.46 1.31478 0.436287
5.47 1.3222 0.437679
5.48 1.32965 0.439108
5.49 1.33712 0.440574
5.5 1.34461 0.442078
5.51 1.35212 0.443621
5.52 1.35966 0.445203
5.53 1.36721 0.446823
5.54 1.37478 0.448484
5.55 1.38237 0.450185
5.56 1.38998 0.451927
5.57 1.39761 0.45371
5.58 1.40525 0.455535
5.59 1.41291 0.457403
5.6 1.42059 0.459313
5.61 1.42827 0.461266
5.62 1.43597 0.463264
5.63 1.44369 0.465306
5.64 1.45141 0.467393
5.65 1.45915 0.469526
5.66 1.46689 0.471705
5.67 1.47465 0.473931
5.68 1.48241 0.476204
5.69 1.49018 0.478526
5.7 1.49795 0.480896
5.71 1.50573 0.483315
5.72 1.51351 0.485784
5.73 1.52129 0.488304
5.74 1.52908 0.490876
5.75 1.53686 0.493499
5.76 1.54464 0.496175
5.77 1.55243 0.498904
5.78 1.5602 0.501687
5.79 1.56797 0.504525
5.8 1.57574 0.507418
5.81 1.5835 0.510368
5.82 1.59125 0.513375
5.83 1.59898 0.516439
5.84 1.60671 0.519562
5.85 1.61442 0.522744
5.86 1.62212 0.525986
5.87 1.6298 0.529288
5.88 1.63746 0.532653
5.89 1.6451 0.53608
5.9 1.65273 0.53957
5.91 1.66032 0.543124
5.92 1.6679 0.546743
5.93 1.67544 0.550427
5.94 1.68296 0.554179
5.95 1.69045 0.557997
5.96 1.6979 0.561884
5.97 1.70532 0.56584
5.98 1.71271 0.569867
5.99 1.72006 0.573964
6 1.72737 0.578133
6.01 1.73463 0.582374
6.02 1.74185 0.586689
6.03 1.74903 0.591079
6.04 1.75616 0.595544
6.05 1.76323 0.600086
6.06 1.77026 0.604705
6.07 1.77723 0.609402
6.08 1.78414 0.614178
6.09 1.791 0.619034
6.1 1.79779 0.623972
6.11 1.80452 0.628991
6.12 1.81118 0.634092
6.13 1.81777 0.639278
6.14 1.82429 0.644548
6.15 1.83074 0.649904
6.16 1.83711 0.655347
6.17 1.8434 0.660877
6.18 1.84961 0.666495
6.19 1.85574 0.672202
6.2 1.86177 0.678
6.21 1.86772 0.683888
6.22 1.87358 0.689868
6.23 1.87934 0.695941
6.24 1.88501 0.702108
6.25 1.89057 0.708369
6.26 1.89604 0.714725
6.27 1.90139 0.721178
6.28 1.90664 0.727727
6.29 1.91177 0.734374
6.3 1.91679 0.741119
6.31 1.9217 0.747963
6.32 1.92648 0.754907
6.33 1.93114 0.761951
6.34 1.93567 0.769097
6.35 1.94008 0.776344
6.36 1.94435 0.783693
6.37 1.94849 0.791146
6.38 1.95249 0.798702
6.39 1.95635 0.806361
6.4 1.96006 0.814125
6.41 1.96363 0.821993
6.42 1.96705 0.829967
6.43 1.97032 0.838046
6.44 1.97343 0.846231
6.45 1.97639 0.854521
6.46 1.97918 0.862917
6.47 1.98181 0.87142
6.48 1.98428 0.880029
6.49 1.98657 0.888744
6.5 1.9887 0.897565
6.51 1.99065 0.906492
6.52 1.99242 0.915525
6.53 1.99401 0.924664
6.54 1.99542 0.933908
6.55 1.99665 0.943257
6.56 1.99769 0.95271
6.57 1.99854 0.962266
6.58 1.9992 0.971927
6.59 1.99966 0.981689
6.6 1.99993 0.991553
6.61 2 1.00152
6.62 1.99987 1.01158
6.63 1.99953 1.02175
6.64 1.999 1.03201
6.65 1.99825 1.04237
6.66 1.9973 1.05282
6.67 1.99614 1.06337
6.68 1.99477 1.074
6.69 1.99319 1.08473
6.7 1.99139 1.09555
6.71 1.98938 1.10645
6.72 1.98716 1.11744
6.73 1.98472 1.12852
6.74 1.98206 1.13967
6.75 1.97918 1.1509
6.76 1.97608 1.16221
6.77 1.97277 1.17359
6.78 1.96923 1.18504
6.79 1.96548 1.19656
6.8 1.96151 1.20814
6.81 1.95732 1.21979
6.82 1.9529 1.2315
6.83 1.94827 1.24326
6.84 1.94343 1.25507
6.85 1.93836 1.26694
6.86 1.93308 1.27885
6.87 1.92758 1.2908
6.88 1.92187 1.30279
6.89 1.91594 1.31482
6.9 1.9098 1.32688
6.91 1.90346 1.33896
6.92 1.8969 1.35107
6.93 1.89014 1.3632
6.94 1.88317 1.37534
6.95 1.876 1.38749
6.96 1.86863 1.39965
6.97 1.86107 1.4118
6.98 1.85331 1.42396
6.99 1.84535 1.4361
7 1.83721 1.44824
7.01 1.82889 1.46035
7.02 1.82038 1.47244
7.03 1.81169 1.48451
7.04 1.80282 1.49654
7.05 1.79378 1.50854
7.06 1.78458 1.52049
7.07 1.77521 1.53239
7.08 1.76568 1.54425
7.09 1.75599 1.55604
7.1 1.74615 1.56777
7.11 1.73616 1.57943
7.12 1.72603 1.59102
7.13 1.71576 1.60253
7.14 1.70536 1.61396
7.15 1.69482 1.6253
7.16 1.68416 1.63655
7.17 1.67338 1.64769
7.18 1.66249 1.65874
7.19 1.65148 1.66967
7.2 1.64037 1.68049
7.21 1.62916 1.69119
7.22 1.61785 1.70177
7.23 1.60645 1.71222
7.24 1.59497 1.72253
7.25 1.58341 1.73271
7.26 1.57177 1.74275
7.27 1.56006 1.75264
7.28 1.54829 1.76238
7.29 1.53645 1.77196
7.3 1.52457 1.78139
7.31 1.51263 1.79065
7.32 1.50065 1.79975
7.33 1.48863 1.80867
7.34 1.47657 1.81742
7.35 1.46449 1.82599
7.36 1.45238 1.83438
7.37 1.44026 1.84259
7.38 1.42811 1.85061
7.39 1.41596 1.85843
7.4 1.40381 1.86607
7.41 1.39165 1.8735
7.42 1.37949 1.88074
7.43 1.36735 1.88778
7.44 1.35522 1.89461
7.45 1.3431 1.90124
7.46 1.33101 1.90766
7.47 1.31894 1.91387
7.48 1.3069 1.91986
7.49 1.2949 1.92565
7.5 1.28293 1.93122
7.51 1.27101 1.93658
7.52 1.25913 1.94172
7.53 1.24729 1.94664
7.54 1.23551 1.95134
7.55 1.22379 1.95583
7.56 1.21212 1.9601
7.57 1.20051 1.96415
7.58 1.18897 1.96798
7.59 1.1775 1.97158
7.6 1.16609 1.97497
7.61 1.15476 1.97815
7.62 1.1435 1.9811
7.63 1.13232 1.98383
7.64 1.12122 1.98635
7.65 1.1102 1.98865
7.66 1.09927 1.99073
7.67 1.08842 1.9926
7.68 1.07766 1.99426
7.69 1.06699 1.9957
7.7 1.05642 1.99693
7.71 1.04593 1.99795
7.72 1.03554 1.99877
7.73 1.02525 1.99937
7.74 1.01505 1.99978
7.75 1.00495 1.99998
7.76 0.994951 1.99997
7.77 0.985053 1.99977
7.78 0.975255 1.99938
7.79 0.96556 1.99879
7.8 0.955968 1.998
7.81 0.946479 1.99703
7.82 0.937094 1.99586
7.83 0.927815 1.99452
7.84 0.91864 1.99299
7.85 0.909571 1.99127
7.86 0.900607 1.98939
7.87 0.89175 1.98732
7.88 0.882999 1.98508
7.89 0.874353 1.98268
7.9 0.865814 1.9801
7.91 0.857382 1.97736
7.92 0.849055 1.97446
7.93 0.840834 1.9714
7.94 0.832719 1.96819
7.95 0.82471 1.96482
7.96 0.816805 1.9613
7.97 0.809005 1.95763
7.98 0.80131 1.95382
7.99 0.793719 1.94987
8 0.786232 1.94578
8.01 0.778847 1.94155
8.02 0.771565 1.93719
8.03 0.764385 1.9327
8.04 0.757306 1.92809
8.05 0.750327 1.92335
8.06 0.743449 1.91848
8.07 0.73667 1.9135
8.08 0.72999 1.90841
8.09 0.723407 1.9032
8.1 0.716922 1.89788
8.11 0.710533 1.89245
8.12 0.704239 1.88693
8.13 0.698041 1.88129
8.14 0.691936 1.87556
8.15 0.685924 1.86974
8.16 0.680004 1.86382
8.17 0.674175 1.85781
8.18 0.668437 1.85172
8.19 0.662789 1.84553
8.2 0.657229 1.83927
8.21 0.651757 1.83293
8.22 0.646371 1.8265
8.23 0.641072 1.82001
8.24 0.635857 1.81344
8.25 0.630727 1.8068
8.26 0.625679 1.8001
8.27 0.620714 1.79333
8.28 0.615831 1.78649
8.29 0.611027 1.7796
8.3 0.606303 1.77265
8.31 0.601658 1.76564
8.32 0.59709 1.75858
8.33 0.592598 1.75147
8.34 0.588183 1.74431
8.35 0.583842 1.73711
8.36 0.579576 1.72986
8.37 0.575382 1.72256
8.38 0.57126 1.71523
8.39 0.56721 1.70786
8.4 0.56323 1.70045
8.41 0.559319 1.693
8.42 0.555477 1.68553
8.43 0.551703 1.67802
8.44 0.547996 1.67048
8.45 0.544354 1.66292
8.46 0.540778 1.65533
8.47 0.537266 1.64771
8.48 0.533818 1.64008
8.49 0.530432 1.63242
8.5 0.527109 1.62475
8.51 0.523846 1.61706
8.52 0.520644 1.60935
8.53 0.517501 1.60163
8.54 0.514416 1.59389
8.55 0.51139 1.58615
8.56 0.508421 1.5784
8.57 0.505509 1.57063
8.58 0.502652 1.56286
8.59 0.49985 1.55509
8.6 0.497102 1.54731
8.61 0.494408 1.53952
8.62 0.491767 1.53174
8.63 0.489178 1.52396
8.64 0.486641 1.51617
8.65 0.484154 1.50839
8.66 0.481718 1.50061
8.67 0.479331 1.49283
8.68 0.476993 1.48506
8.69 0.474703 1.4773
8.7 0.472461 1.46954
8.71 0.470266 1.4618
8.72 0.468118 1.45406
8.73 0.466015 1.44633
8.74 0.463958 1.43861
8.75 0.461945 1.43091
8.76 0.459976 1.42321
8.77 0.458051 1.41554
8.78 0.456169 1.40787
8.79 0.45433 1.40022
8.8 0.452533 1.39259
8.81 0.450777 1.38497
8.82 0.449062 1.37738
8.83 0.447387 1.3698
8.84 0.445753 1.36224
8.85 0.444158 1.3547
8.86 0.442602 1.34718
8.87 0.441084 1.33968
8.88 0.439605 1.3322
8.89 0.438163 1.32475
8.9 0.436759 1.31732
8.91 0.435391 1.30991
8.92 0.43406 1.30253
8.93 0.432765 1.29517
8.94 0.431505 1.28783
8.95 0.430281 1.28052
8.96 0.429091 1.27324
8.97 0.427936 1.26599
8.98 0.426814 1.25876
8.99 0.425727 1.25156
9 0.424672 1.24438
9.01 0.423651 1.23724
9.02 0.422662 1.23012
9.03 0.421706 1.22303
9.04 0.420781 1.21598
9.05 0.419888 1.20895
9.06 0.419026 1.20195
9.07 0.418195 1.19498
9.08 0.417395 1.18805
9.09 0.416626 1.18114
9.1 0.415886 1.17426
9.11 0.415176 1.16742
9.12 0.414496 1.16061
9.13 0.413844 1.15383
9.14 0.413222 1.14708
9.15 0.412629 1.14037
9.16 0.412064 1.13369
9.17 0.411527 1.12704
9.18 0.411018 1.12042
9.19 0.410537 1.11384
9.2 0.410083 1.10729
9.21 0.409657 1.10078
9.22 0.409258 1.09429
9.23 0.408885 1.08785
9.24 0.408539 1.08143
9.25 0.40822 1.07505
9.26 0.407926 1.06871
9.27 0.407659 1.0624
9.28 0.407417 1.05612
9.29 0.407202 1.04988
9.3 0.407011 1.04368
9.31 0.406846 1.0375
9.32 0.406706 1.03137
9.33 0.406591 1.02527
9.34 0.4065 1.0192
9.35 0.406435 1.01317
9.36 0.406393 1.00717
9.37 0.406376 1.00121
9.38 0.406383 0.995286
9.39 0.406415 0.989395
9.4 0.40647 0.98354
9.41 0.406548 0.97772
9.42 0.406651 0.971935
9.43 0.406776 0.966186
9.44 0.406926 0.960472
9.45 0.407098 0.954794
9.46 0.407294 0.94915
9.47 0.407512 0.943542
9.48 0.407754 0.937969
9.49 0.408018 0.932432
9.5 0.408305 0.92693
9.51 0.408615 0.921463
9.52 0.408947 0.916031
9.53 0.409302 0.910634
9.54 0.409679 0.905273
9.55 0.410078 0.899946
9.56 0.410499 0.894655
9.57 0.410943 0.889398
9.58 0.411408 0.884177
9.59 0.411896 0.87899
9.6 0.412405 0.873838
9.61 0.412936 0.868721
9.62 0.413489 0.863638
9.63 0.414064 0.85859
9.64 0.41466 0.853576
9.65 0.415278 0.848597
9.66 0.415918 0.843652
9.67 0.416579 0.838742
9.68 0.417261 0.833866
9.69 0.417965 0.829023
9.7 0.41869 0.824215
9.71 0.419437 0.819441
9.72 0.420205 0.8147
9.73 0.420994 0.809994
9.74 0.421805 0.805321
9.75 0.422637 0.800681
9.76 0.42349 0.796075
9.77 0.424364 0.791502
9.78 0.425259 0.786962
9.79 0.426176 0.782456
9.8 0.427113 0.777983
9.81 0.428072 0.773542
9.82 0.429052 0.769134
9.83 0.430053 0.764759
9.84 0.431076 0.760417
9.85 0.432119 0.756107
9.86 0.433183 0.751829
9.87 0.434269 0.747584
9.88 0.435376 0.743371
9.89 0.436504 0.739189
9.9 0.437653 0.73504
9.91 0.438823 0.730922
9.92 0.440014 0.726836
9.93 0.441227 0.722782
9.94 0.44246 0.718759
9.95 0.443715 0.714767
9.96 0.444992 0.710807
9.97 0.446289 0.706877
9.98 0.447608 0.702978
9.99 0.448948 0.699111
10 0.45031 0.695273
10.01 0.451693 0.691467
10.02 0.453097 0.687691
10.03 0.454523 0.683945
10.04 0.45597 0.680229
10.05 0.457439 0.676543
10.06 0.458929 0.672888
10.07 0.460441 0.669262
10.08 0.461975 0.665666
10.09 0.463531 0.662099
10.1 0.465108 0.658562
10.11 0.466707 0.655054
10.12 0.468327 0.651575
10.13 0.46997 0.648125
10.14 0.471635 0.644704
10.15 0.473322 0.641312
10.16 0.47503 0.637949
10.17 0.476761 0.634614
10.18 0.478514 0.631308
10.19 0.48029 0.62803
10.2 0.482088 0.62478
10.21 0.483908 0.621558
10.22 0.48575 0.618364
10.23 0.487615 0.615198
10.24 0.489503 0.61206
10.25 0.491413 0.608949
10.26 0.493346 0.605866
10.27 0.495302 0.60281
10.28 0.497281 0.599781
10.29 0.499283 0.596779
10.3 0.501307 0.593805
10.31 0.503355 0.590857
10.32 0.505426 0.587936
10.33 0.507521 0.585041
10.34 0.509638 0.582173
10.35 0.511779 0.579332
10.36 0.513944 0.576516
10.37 0.516132 0.573727
10.38 0.518344 0.570964
10.39 0.52058 0.568227
10.4 0.52284 0.565516
10.41 0.525124 0.56283
10.42 0.527431 0.56017
10.43 0.529763 0.557536
10.44 0.532119 0.554927
10.45 0.5345 0.552343
10.46 0.536905 0.549784
10.47 0.539334 0.547251
10.48 0.541789 0.544742
10.49 0.544267 0.542259
10.5 0.546771 0.5398
10.51 0.5493 0.537366
10.52 0.551854 0.534956
10.53 0.554433 0.532571
10.54 0.557037 0.53021
10.55 0.559667 0.527873
10.56 0.562322 0.525561
10.57 0.565002 0.523273
10.58 0.567709 0.521009
10.59 0.570441 0.518768
10.6 0.573199 0.516552
10.61 0.575983 0.514359
10.62 0.578794 0.51219
10.63 0.58163 0.510044
10.64 0.584493 0.507922
10.65 0.587382 0.505823
10.66 0.590299 0.503748
10.67 0.593241 0.501695
10.68 0.596211 0.499666
10.69 0.599207 0.49766
10.7 0.602231 0.495677
10.71 0.605282 0.493717
10.72 0.60836 0.49178
10.73 0.611465 0.489865
10.74 0.614599 0.487973
10.75 0.617759 0.486104
10.76 0.620948 0.484257
10.77 0.624164 0.482432
10.78 0.627409 0.48063
10.79 0.630682 0.478851
10.8 0.633982 0.477093
10.81 0.637312 0.475358
10.82 0.64067 0.473645
10.83 0.644056 0.471954
10.84 0.647472 0.470285
10.85 0.650916 0.468639
10.86 0.654389 0.467014
10.87 0.657891 0.46541
10.88 0.661423 0.463829
10.89 0.664984 0.46227
10.9 0.668575 0.460732
10.91 0.672195 0.459216
10.92 0.675845 0.457721
10.93 0.679525 0.456248
10.94 0.683235 0.454797
10.95 0.686975 0.453367
10.96 0.690746 0.451958
10.97 0.694546 0.450571
10.98 0.698378 0.449206
10.99 0.70224 0.447862
11 0.706132 0.446539
11.01 0.710056 0.445237
11.02 0.714011 0.443957
11.03 0.717996 0.442698
11.04 0.722014 0.44146
11.05 0.726062 0.440243
11.06 0.730142 0.439048
11.07 0.734254 0.437874
11.08 0.738397 0.436721
11.09 0.742572 0.435589
11.1 0.746779 0.434478
11.11 0.751018 0.433388
11.12 0.75529 0.43232
11.13 0.759594 0.431273
11.14 0.76393 0.430246
11.15 0.768299 0.429241
11.16 0.7727 0.428257
11.17 0.777135 0.427294
11.18 0.781602 0.426353
11.19 0.786102 0.425432
11.2 0.790635 0.424533
11.21 0.795202 0.423654
11.22 0.799801 0.422797
11.23 0.804435 0.421962
11.24 0.809101 0.421147
11.25 0.813802 0.420354
11.26 0.818536 0.419582
11.27 0.823304 0.418831
11.28 0.828105 0.418101
11.29 0.832941 0.417393
11.3 0.837811 0.416707
11.31 0.842715 0.416042
11.32 0.847653 0.415398
11.33 0.852626 0.414776
11.34 0.857633 0.414176
11.35 0.862674 0.413597
11.36 0.86775 0.41304
11.37 0.872861 0.412504
11.38 0.878006 0.411991
11.39 0.883186 0.411499
11.4 0.888401 0.411029
11.41 0.893651 0.410582
11.42 0.898936 0.410156
11.43 0.904256 0.409753
11.44 0.909611 0.409372
11.45 0.915001 0.409013
11.46 0.920426 0.408676
11.47 0.925886 0.408362
11.48 0.931382 0.408071
11.49 0.936912 0.407802
11.5 0.942478 0.407557
11.51 0.94808 0.407334
11.52 0.953716 0.407134
11.53 0.959388 0.406957
11.54 0.965096 0.406803
11.55 0.970838 0.406673
11.56 0.976616 0.406566
11.57 0.982429 0.406483
11.58 0.988278 0.406423
11.59 0.994162 0.406387
11.6 1.00008 0.406376
11.61 1.00604 0.406388
11.62 1.01202 0.406425
11.63 1.01805 0.406486
11.64 1.02411 0.406572
11.65 1.0302 0.406682
11.66 1.03633 0.406817
11.67 1.0425 0.406978
11.68 1.0487 0.407163
11.69 1.05493 0.407374
11.7 1.0612 0.407611
11.71 1.06751 0.407873
11.72 1.07384 0.408162
11.73 1.08022 0.408476
11.74 1.08662 0.408817
11.75 1.09306 0.409185
11.76 1.09954 0.409579
11.77 1.10605 0.41
11.78 1.11259 0.410448
11.79 1.11917 0.410924
11.8 1.12578 0.411428
11.81 1.13242 0.411959
11.82 1.13909 0.412519
11.83 1.1458 0.413107
11.84 1.15254 0.413724
11.85 1.15932 0.414369
11.86 1.16612 0.415044
11.87 1.17296 0.415748
11.88 1.17983 0.416482
11.89 1.18673 0.417246
11.9 1.19366 0.418041
11.91 1.20062 0.418866
11.92 1.20761 0.419721
11.93 1.21464 0.420609
11.94 1.22169 0.421527
11.95 1.22877 0.422478
11.96 1.23588 0.42346
11.97 1.24302 0.424475
11.98 1.25019 0.425523
11.99 1.25738 0.426605
12 1.26461 0.42772
12.01 1.27186 0.428868
12.02 1.27914 0.430052
12.03 1.28644 0.431269
12.04 1.29377 0.432522
12.05 1.30112 0.433811
12.06 1.3085 0.435135
12.07 1.31591 0.436496
12.08 1.32333 0.437893
12.09 1.33078 0.439328
12.1 1.33825 0.4408
12.11 1.34575 0.44231
12.12 1.35326 0.443858
12.13 1.3608 0.445446
12.14 1.36836 0.447073
12.15 1.37593 0.44874
12.16 1.38353 0.450447
12.17 1.39114 0.452195
12.18 1.39877 0.453985
12.19 1.40641 0.455816
12.2 1.41407 0.45769
12.21 1.42175 0.459606
12.22 1.42944 0.461567
12.23 1.43714 0.463571
12.24 1.44486 0.46562
12.25 1.45259 0.467714
12.26 1.46032 0.469854
12.27 1.46807 0.47204
12.28 1.47582 0.474273
12.29 1.48359 0.476553
12.3 1.49135 0.478882
12.31 1.49913 0.48126
12.32 1.50691 0.483686
12.33 1.51469 0.486163
12.34 1.52247 0.488691
12.35 1.53026 0.49127
12.36 1.53804 0.493901
12.37 1.54583 0.496585
12.38 1.55361 0.499323
12.39 1.56138 0.502114
12.4 1.56915 0.50496
12.41 1.57692 0.507862
12.42 1.58467 0.510821
12.43 1.59242 0.513836
12.44 1.60016 0.516909
12.45 1.60788 0.520041
12.46 1.61559 0.523232
12.47 1.62329 0.526483
12.48 1.63096 0.529795
12.49 1.63862 0.533169
12.5 1.64626 0.536605
12.51 1.65388 0.540105
12.52 1.66147 0.543669
12.53 1.66904 0.547297
12.54 1.67658 0.550992
12.55 1.6841 0.554754
12.56 1.69158 0.558583
12.57 1.69903 0.56248
12.58 1.70645 0.566447
12.59 1.71383 0.570484
12.6 1.72117 0.574592
12.61 1.72847 0.578771
12.62 1.73573 0.583024
12.63 1.74295 0.587351
12.64 1.75011 0.591752
12.65 1.75723 0.596229
12.66 1.7643 0.600782
12.67 1.77132 0.605413
12.68 1.77828 0.610122
12.69 1.78519 0.61491
12.7 1.79203 0.619778
12.71 1.79881 0.624728
12.72 1.80553 0.629759
12.73 1.81218 0.634874
12.74 1.81876 0.640072
12.75 1.82527 0.645356
12.76 1.83171 0.650725
12.77 1.83807 0.65618
12.78 1.84435 0.661723
12.79 1.85054 0.667355
12.8 1.85666 0.673076
12.81 1.86268 0.678887
12.82 1.86862 0.684789
12.83 1.87446 0.690784
12.84 1.88021 0.696871
12.85 1.88586 0.703052
12.86 1.89141 0.709327
12.87 1.89686 0.715698
12.88 1.90219 0.722165
12.89 1.90742 0.728729
12.9 1.91254 0.735391
12.91 1.91754 0.742151
12.92 1.92243 0.74901
12.93 1.92719 0.755969
12.94 1.93183 0.763029
12.95 1.93635 0.77019
12.96 1.94073 0.777453
12.97 1.94499 0.784818
12.98 1.9491 0.792286
12.99 1.95308 0.799857
13 1.95692 0.807532
13.01 1.96061 0.815312
13.02 1.96416 0.823196
13.03 1.96756 0.831186
13.04 1.9708 0.839281
13.05 1.97389 0.847482
13.06 1.97682 0.855788
13.07 1.97959 0.864201
13.08 1.9822 0.87272
13.09 1.98464 0.881344
13.1 1.98691 0.890076
13.11 1.98901 0.898913
13.12 1.99093 0.907856
13.13 1.99267 0.916905
13.14 1.99424 0.92606
13.15 1.99562 0.93532
13.16 1.99682 0.944684
13.17 1.99783 0.954153
13.18 1.99865 0.963726
13.19 1.99928 0.973401
13.2 1.99971 0.983179
13.21 1.99995 0.993059
13.22 1.99999 1.00304
13.23 1.99983 1.01312
13.24 1.99947 1.0233
13.25 1.9989 1.03357
13.26 1.99812 1.04395
13.27 1.99714 1.05441
13.28 1.99595 1.06497
13.29 1.99455 1.07563
13.3 1.99293 1.08637
13.31 1.9911 1.0972
13.32 1.98906 1.10812
13.33 1.9868 1.11912
13.34 1.98433 1.1302
13.35 1.98163 1.14137
13.36 1.97872 1.15261
13.37 1.97559 1.16393
13.38 1.97225 1.17532
13.39 1.96868 1.18678
13.4 1.96489 1.19831
13.41 1.96089 1.20991
13.42 1.95666 1.22156
13.43 1.95222 1.23328
13.44 1.94755 1.24505
13.45 1.94267 1.25687
13.46 1.93757 1.26874
13.47 1.93226 1.28066
13.48 1.92673 1.29262
13.49 1.92098 1.30462
13.5 1.91502 1.31665
13.51 1.90885 1.32871
13.52 1.90248 1.3408
13.53 1.89589 1.35291
13.54 1.88909 1.36504
13.55 1.8821 1.37718
13.56 1.8749 1.38933
13.57 1.8675 1.40149
13.58 1.8599 1.41365
13.59 1.85211 1.4258
13.6 1.84413 1.43795
13.61 1.83596 1.45008
13.62 1.82761 1.46219
13.63 1.81907 1.47428
13.64 1.81035 1.48634
13.65 1.80146 1.49836
13.66 1.7924 1.51035
13.67 1.78317 1.5223
13.68 1.77377 1.5342
13.69 1.76422 1.54604
13.7 1.75451 1.55782
13.71 1.74464 1.56954
13.72 1.73464 1.5812
13.73 1.72448 1.59278
13.74 1.71419 1.60427
13.75 1.70377 1.61569
13.76 1.69321 1.62701
13.77 1.68254 1.63824
13.78 1.67174 1.64938
13.79 1.66083 1.6604
13.8 1.6498 1.67132
13.81 1.63868 1.68212
13.82 1.62745 1.6928
13.83 1.61613 1.70336
13.84 1.60472 1.71379
13.85 1.59322 1.72409
13.86 1.58165 1.73425
13.87 1.57 1.74426
13.88 1.55828 1.75413
13.89 1.5465 1.76384
13.9 1.53465 1.77341
13.91 1.52276 1.78281
13.92 1.51082 1.79204
13.93 1.49883 1.80111
13.94 1.4868 1.81001
13.95 1.47474 1.81873
13.96 1.46266 1.82728
13.97 1.45054 1.83564
13.98 1.43841 1.84382
13.99 1.42627 1.85181
14 1.41412 1.85961
14.01 1.40196 1.86721
14.02 1.3898 1.87462
14.03 1.37765 1.88182
14.04 1.36551 1.88883
14.05 1.35338 1.89563
14.06 1.34127 1.90222
14.07 1.32918 1.90861
14.08 1.31711 1.91479
14.09 1.30508 1.92076
14.1 1.29308 1.92651
14.11 1.28112 1.93205
14.12 1.2692 1.93737
14.13 1.25733 1.94248
14.14 1.2455 1.94737
14.15 1.23373 1.95204
14.16 1.22201 1.95649
14.17 1.21035 1.96073
14.18 1.19876 1.96474
14.19 1.18723 1.96854
14.2 1.17576 1.97211
14.21 1.16437 1.97547
14.22 1.15305 1.97861
14.23 1.1418 1.98153
14.24 1.13063 1.98423
14.25 1.11955 1.98671
14.26 1.10854 1.98898
14.27 1.09762 1.99103
14.28 1.08679 1.99286
14.29 1.07604 1.99449
14.3 1.06538 1.9959
14.31 1.05482 1.9971
14.32 1.04435 1.99809
14.33 1.03397 1.99887
14.34 1.02369 1.99945
14.35 1.01351 1.99982
14.36 1.00343 1.99999
14.37 0.993443 1.99996
14.38 0.983559 1.99973
14.39 0.973777 1.9993
14.4 0.964098 1.99868
14.41 0.954521 1.99787
14.42 0.945048 1.99686
14.43 0.93568 1.99567
14.44 0.926416 1.9943
14.45 0.917257 1.99274
14.46 0.908204 1.991
14.47 0.899257 1.98908
14.48 0.890415 1.98699
14.49 0.88168 1.98473
14.5 0.873051 1.9823
14.51 0.864528 1.9797
14.52 0.856111 1.97693
14.53 0.847801 1.97401
14.54 0.839596 1.97093
14.55 0.831497 1.96769
14.56 0.823503 1.9643
14.57 0.815615 1.96075
14.58 0.807831 1.95707
14.59 0.800152 1.95323
14.6 0.792576 1.94926
14.61 0.785104 1.94515
14.62 0.777735 1.9409
14.63 0.770469 1.93652
14.64 0.763304 1.93201
14.65 0.75624 1.92738
14.66 0.749277 1.92262
14.67 0.742414 1.91774
14.68 0.73565 1.91274
14.69 0.728985 1.90762
14.7 0.722417 1.9024
14.71 0.715946 1.89706
14.72 0.709572 1.89162
14.73 0.703293 1.88608
14.74 0.697108 1.88043
14.75 0.691017 1.87469
14.76 0.685019 1.86885
14.77 0.679114 1.86291
14.78 0.673299 1.85689
14.79 0.667574 1.85078
14.8 0.661939 1.84459
14.81 0.656393 1.83831
14.82 0.650934 1.83196
14.83 0.645562 1.82552
14.84 0.640275 1.81902
14.85 0.635073 1.81244
14.86 0.629956 1.80579
14.87 0.624921 1.79907
14.88 0.619968 1.79229
14.89 0.615097 1.78545
14.9 0.610305 1.77855
14.91 0.605593 1.77159
14.92 0.600959 1.76458
14.93 0.596403 1.75751
14.94 0.591924 1.75039
14.95 0.587519 1.74322
14.96 0.58319 1.73601
14.97 0.578935 1.72875
14.98 0.574752 1.72145
14.99 0.570641 1.71411
15 0.566601 1.70673
15.01 0.562632 1.69932
15.02 0.558732 1.69187
15.03 0.5549 1.68439
15.04 0.551136 1.67688
15.05 0.547439 1.66933
15.06 0.543808 1.66177
15.07 0.540241 1.65417
15.08 0.536739 1.64656
15.09 0.5333 1.63892
15.1 0.529924 1.63126
15.11 0.52661 1.62358
15.12 0.523356 1.61589
15.13 0.520163 1.60818
15.14 0.517029 1.60046
15.15 0.513954 1.59272
15.16 0.510936 1.58497
15.17 0.507976 1.57722
15.18 0.505072 1.56945
15.19 0.502223 1.56168
15.2 0.49943 1.55391
15.21 0.49669 1.54613
15.22 0.494004 1.53834
15.23 0.491371 1.53056
15.24 0.48879 1.52277
15.25 0.48626 1.51499
15.26 0.483781 1.50721
15.27 0.481352 1.49943
15.28 0.478973 1.49166
15.29 0.476642 1.48389
15.3 0.47436 1.47612
15.31 0.472125 1.46837
15.32 0.469937 1.46062
15.33 0.467796 1.45288
15.34 0.4657 1.44516
15.35 0.463649 1.43744
15.36 0.461643 1.42974
15.37 0.459681 1.42205
15.38 0.457763 1.41437
15.39 0.455888 1.40671
15.4 0.454055 1.39906
15.41 0.452263 1.39143
15.42 0.450514 1.38382
15.43 0.448805 1.37623
15.44 0.447137 1.36865
15.45 0.445508 1.36109
15.46 0.443919 1.35356
15.47 0.442369 1.34604
15.48 0.440857 1.33854
15.49 0.439384 1.33107
15.5 0.437948 1.32362
15.51 0.436549 1.31619
15.52 0.435187 1.30879
15.53 0.433861 1.30141
15.54 0.432572 1.29405
15.55 0.431317 1.28672
15.56 0.430098 1.27942
15.57 0.428914 1.27214
15.58 0.427763 1.26489
15.59 0.426647 1.25766
15.6 0.425565 1.25047
15.61 0.424515 1.2433
15.62 0.423499 1.23616
15.63 0.422515 1.22904
15.64 0.421563 1.22196
15.65 0.420643 1.21491
15.66 0.419755 1.20788
15.67 0.418898 1.20089
15.68 0.418072 1.19393
15.69 0.417277 1.187
15.7 0.416511 1.18009
15.71 0.415776 1.17322
15.72 0.415071 1.16639
15.73 0.414395 1.15958
15.74 0.413748 1.1528
15.75 0.41313 1.14606
15.76 0.412541 1.13935
15.77 0.41198 1.13268
15.78 0.411448 1.12603
15.79 0.410943 1.11942
15.8 0.410466 1.11284
15.81 0.410017 1.1063
15.82 0.409595 1.09979
15.83 0.409199 1.09331
15.84 0.408831 1.08687
15.85 0.408489 1.08046
15.86 0.408173 1.07409
15.87 0.407884 1.06775
15.88 0.407621 1.06144
15.89 0.407383 1.05517
15.9 0.407171 1.04894
15.91 0.406984 1.04274
15.92 0.406823 1.03657
15.93 0.406687 1.03044
15.94 0.406575 1.02434
15.95 0.406489 1.01828
15.96 0.406427 1.01226
15.97 0.406389 1.00627
15.98 0.406376 1.00031
15.99 0.406387 0.99439
16 0.406421 0.988505
16.01 0.40648 0.982655
16.02 0.406562 0.97684
16.03 0.406668 0.971061
16.04 0.406798 0.965317
16.05 0.40695 0.959608
16.06 0.407126 0.953935
16.07 0.407325 0.948297
16.08 0.407547 0.942694
16.09 0.407792 0.937127
16.1 0.40806 0.931595
16.11 0.408351 0.926098
16.12 0.408664 0.920636
16.13 0.408999 0.91521
16.14 0.409357 0.909819
16.15 0.409738 0.904462
16.16 0.41014 0.899141
16.17 0.410565 0.893855
16.18 0.411012 0.888604
16.19 0.411481 0.883387
16.2 0.411971 0.878206
16.21 0.412484 0.873059
16.22 0.413019 0.867947
16.23 0.413575 0.86287
16.24 0.414153 0.857827
16.25 0.414753 0.852819
16.26 0.415374 0.847845
16.27 0.416017 0.842905
16.28 0.416681 0.838
16.29 0.417367 0.833129
16.3 0.418074 0.828292
16.31 0.418802 0.823489
16.32 0.419552 0.818719
16.33 0.420323 0.813984
16.34 0.421116 0.809282
16.35 0.42193 0.804614
16.36 0.422765 0.79998
16.37 0.423621 0.795379
16.38 0.424498 0.790811
16.39 0.425397 0.786277
16.4 0.426317 0.781775
16.41 0.427258 0.777307
16.42 0.42822 0.772871
16.43 0.429203 0.768468
16.44 0.430207 0.764098
16.45 0.431233 0.759761
16.46 0.432279 0.755456
16.47 0.433347 0.751183
16.48 0.434436 0.746942
16.49 0.435545 0.742734
16.5 0.436677 0.738558
16.51 0.437829 0.734413
16.52 0.439002 0.7303
16.53 0.440197 0.726219
16.54 0.441413 0.722169
16.55 0.44265 0.718151
16.56 0.443908 0.714164
16.57 0.445187 0.710208
16.58 0.446488 0.706283
16.59 0.44781 0.70239
16.6 0.449153 0.698526
16.61 0.450518 0.694694
16.62 0.451904 0.690892
16.63 0.453312 0.68712
16.64 0.454741 0.683379
16.65 0.456192 0.679668
16.66 0.457664 0.675987
16.67 0.459157 0.672336
16.68 0.460673 0.668714
16.69 0.46221 0.665122
16.7 0.463768 0.66156
16.71 0.465349 0.658027
16.72 0.466951 0.654524
16.73 0.468575 0.65105
16.74 0.470221 0.647604
16.75 0.471889 0.644188
16.76 0.473579 0.6408
16.77 0.475292 0.637441
16.78 0.477026 0.634111
16.79 0.478782 0.630809
16.8 0.480561 0.627535
16.81 0.482362 0.624289
16.82 0.484186 0.621072
16.83 0.486032 0.617882
16.84 0.4879 0.61472
16.85 0.489791 0.611586
16.86 0.491705 0.608479
16.87 0.493642 0.6054
16.88 0.495601 0.602348
16.89 0.497583 0.599324
16.9 0.499588 0.596326
16.91 0.501617 0.593356
16.92 0.503668 0.590412
16.93 0.505743 0.587495
16.94 0.50784 0.584604
16.95 0.509962 0.58174
16.96 0.512106 0.578903
16.97 0.514275 0.576091
16.98 0.516467 0.573306
16.99 0.518682 0.570547
17 0.520922 0.567814
17.01 0.523185 0.565107
17.02 0.525472 0.562425
17.03 0.527784 0.559769
17.04 0.530119 0.557138
17.05 0.532479 0.554533
17.06 0.534863 0.551953
17.07 0.537272 0.549398
17.08 0.539705 0.546869
17.09 0.542163 0.544364
17.1 0.544646 0.541884
17.11 0.547153 0.539429
17.12 0.549686 0.536998
17.13 0.552243 0.534592
17.14 0.554826 0.532211
17.15 0.557434 0.529854
17.16 0.560068 0.527521
17.17 0.562727 0.525212
17.18 0.565411 0.522928
17.19 0.568122 0.520667
17.2 0.570858 0.51843
17.21 0.57362 0.516217
17.22 0.576408 0.514028
17.23 0.579222 0.511863
17.24 0.582063 0.509721
17.25 0.58493 0.507602
17.26 0.587823 0.505507
17.27 0.590743 0.503435
17.28 0.59369 0.501386
17.29 0.596664 0.49936
17.3 0.599664 0.497358
17.31 0.602692 0.495378
17.32 0.605747 0.493421
17.33 0.608829 0.491488
17.34 0.611939 0.489576
17.35 0.615076 0.487688
17.36 0.618241 0.485822
17.37 0.621434 0.483978
17.38 0.624655 0.482158
17.39 0.627904 0.480359
17.4 0.631181 0.478583
17.41 0.634486 0.476829
17.42 0.63782 0.475097
17.43 0.641182 0.473387
17.44 0.644573 0.4717
17.45 0.647992 0.470034
17.46 0.651441 0.468391
17.47 0.654919 0.466769
17.48 0.658425 0.465169
17.49 0.661962 0.463591
17.5 0.665527 0.462035
17.51 0.669122 0.4605
17.52 0.672747 0.458987
17.53 0.676402 0.457496
17.54 0.680086 0.456027
17.55 0.683801 0.454578
17.56 0.687545 0.453152
17.57 0.69132 0.451747
17.58 0.695126 0.450363
17.59 0.698962 0.449001
17.6 0.702828 0.44766
17.61 0.706726 0.44634
17.62 0.710654 0.445042
17.63 0.714613 0.443764
17.64 0.718604 0.442509
17.65 0.722626 0.441274
17.66 0.726679 0.440061
17.67 0.730764 0.438868
17.68 0.73488 0.437697
17.69 0.739028 0.436548
17.7 0.743208 0.435419
17.71 0.74742 0.434311
17.72 0.751665 0.433225
17.73 0.755941 0.43216
17.74 0.76025 0.431115
17.75 0.764591 0.430092
17.76 0.768965 0.429091
17.77 0.773371 0.42811
17.78 0.77781 0.42715
17.79 0.782282 0.426212
17.8 0.786788 0.425294
17.81 0.791326 0.424398
17.82 0.795897 0.423523
17.83 0.800502 0.422669
17.84 0.805141 0.421837
17.85 0.809812 0.421025
17.86 0.814518 0.420235
17.87 0.819257 0.419466
17.88 0.82403 0.418719
17.89 0.828837 0.417993
17.9 0.833678 0.417288
17.91 0.838553 0.416605
17.92 0.843462 0.415943
17.93 0.848405 0.415302
17.94 0.853383 0.414684
17.95 0.858395 0.414086
17.96 0.863442 0.413511
17.97 0.868523 0.412957
17.98 0.873639 0.412425
17.99 0.87879 0.411915
18 0.883975 0.411427
18.01 0.889196 0.41096
18.02 0.894451 0.410516
18.03 0.899741 0.410094
18.04 0.905066 0.409694
18.05 0.910426 0.409316
18.06 0.915822 0.40896
18.07 0.921252 0.408627
18.08 0.926718 0.408317
18.09 0.932219 0.408029
18.1 0.937755 0.407764
18.11 0.943326 0.407521
18.12 0.948933 0.407302
18.13 0.954575 0.407105
18.14 0.960252 0.406932
18.15 0.965965 0.406782
18.16 0.971713 0.406655
18.17 0.977496 0.406552
18.18 0.983314 0.406472
18.19 0.989168 0.406416
18.2 0.995057 0.406384
18.21 1.00098 0.406376
18.22 1.00694 0.406392
18.23 1.01294 0.406433
18.24 1.01897 0.406497
18.25 1.02503 0.406587
18.26 1.03113 0.406701
18.27 1.03727 0.40684
18.28 1.04344 0.407004
18.29 1.04964 0.407194
18.3 1.05588 0.407409
18.31 1.06216 0.407649
18.32 1.06847 0.407915
18.33 1.07481 0.408208
18.34 1.08119 0.408526
18.35 1.0876 0.408871
18.36 1.09404 0.409243
18.37 1.10052 0.409641
18.38 1.10704 0.410066
18.39 1.11359 0.410519
18.4 1.12017 0.410999
18.41 1.12678 0.411507
18.42 1.13343 0.412042
18.43 1.14011 0.412606
18.44 1.14682 0.413199
18.45 1.15357 0.41382
18.46 1.16035 0.41447
18.47 1.16716 0.415149
18.48 1.174 0.415858
18.49 1.18087 0.416596
18.5 1.18778 0.417365
18.51 1.19471 0.418164
18.52 1.20168 0.418993
18.53 1.20868 0.419854
18.54 1.2157 0.420746
18.55 1.22276 0.421669
18.56 1.22985 0.422625
18.57 1.23696 0.423612
18.58 1.24411 0.424632
18.59 1.25128 0.425685
18.6 1.25848 0.426772
18.61 1.26571 0.427892
18.62 1.27296 0.429046
18.63 1.28024 0.430234
18.64 1.28755 0.431457
18.65 1.29488 0.432716
18.66 1.30224 0.434009
18.67 1.30962 0.435339
18.68 1.31703 0.436705
18.69 1.32446 0.438108
18.7 1.33191 0.439549
18.71 1.33939 0.441026
18.72 1.34689 0.442542
18.73 1.35441 0.444097
18.74 1.36195 0.44569
18.75 1.36951 0.447323
18.76 1.37708 0.448996
18.77 1.38468 0.45071
18.78 1.3923 0.452464
18.79 1.39993 0.45426
18.8 1.40758 0.456097
18.81 1.41524 0.457978
18.82 1.42292 0.459901
18.83 1.43061 0.461868
18.84 1.43831 0.463879
18.85 1.44603 0.465935
18.86 1.45376 0.468036
18.87 1.4615 0.470182
18.88 1.46924 0.472376
18.89 1.477 0.474616
18.9 1.48476 0.476904
18.91 1.49253 0.47924
18.92 1.50031 0.481625
18.93 1.50809 0.484059
18.94 1.51587 0.486544
18.95 1.52365 0.489079
18.96 1.53144 0.491666
18.97 1.53922 0.494305
18.98 1.54701 0.496997
18.99 1.55479 0.499743
19 1.56256 0.502542
19.01 1.57033 0.505397
19.02 1.5781 0.508308
19.03 1.58585 0.511274
19.04 1.5936 0.514298
19.05 1.60133 0.51738
19.06 1.60905 0.520521
19.07 1.61676 0.523721
19.08 1.62445 0.526981
19.09 1.63213 0.530303
19.1 1.63978 0.533686
19.11 1.64742 0.537132
19.12 1.65503 0.540641
19.13 1.66262 0.544215
19.14 1.67019 0.547854
19.15 1.67773 0.551559
19.16 1.68524 0.55533
19.17 1.69271 0.55917
19.18 1.70016 0.563077
19.19 1.70757 0.567055
19.2 1.71494 0.571102
19.21 1.72228 0.575221
19.22 1.72958 0.579412
19.23 1.73683 0.583676
19.24 1.74404 0.588014
19.25 1.7512 0.592426
19.26 1.75831 0.596915
19.27 1.76537 0.60148
19.28 1.77238 0.606122
19.29 1.77933 0.610843
19.3 1.78623 0.615643
19.31 1.79306 0.620524
19.32 1.79984 0.625486
19.33 1.80654 0.63053
19.34 1.81318 0.635657
19.35 1.81976 0.640868
19.36 1.82625 0.646165
19.37 1.83268 0.651547
19.38 1.83903 0.657016
19.39 1.84529 0.662572
19.4 1.85148 0.668217
19.41 1.85758 0.673952
19.42 1.86359 0.679777
19.43 1.86951 0.685693
19.44 1.87534 0.691701
19.45 1.88107 0.697803
19.46 1.88671 0.703998
19.47 1.89224 0.710288
19.48 1.89767 0.716673
19.49 1.903 0.723155
19.5 1.90821 0.729734
19.51 1.91331 0.73641
19.52 1.91829 0.743185
19.53 1.92316 0.75006
19.54 1.92791 0.757034
19.55 1.93253 0.764109
19.56 1.93702 0.771285
19.57 1.94139 0.778564
19.58 1.94562 0.785944
19.59 1.94972 0.793428
19.6 1.95367 0.801015
19.61 1.95749 0.808706
19.62 1.96116 0.816502
19.63 1.96469 0.824402
19.64 1.96806 0.832408
19.65 1.97128 0.840518
19.66 1.97435 0.848735
19.67 1.97725 0.857058
19.68 1.98 0.865487
19.69 1.98258 0.874021
19.7 1.98499 0.882662
19.71 1.98724 0.89141
19.72 1.98931 0.900263
19.73 1.9912 0.909222
19.74 1.99292 0.918287
19.75 1.99446 0.927458
19.76 1.99582 0.936734
19.77 1.99699 0.946114
19.78 1.99797 0.955599
19.79 1.99876 0.965187
19.8 1.99936 0.974878
19.81 1.99976 0.984672
19.82 1.99997 0.994567
19.83 1.99998 1.00456
19.84 1.99979 1.01466
19.85 1.99939 1.02485
19.86 1.99879 1.03514
19.87 1.99799 1.04553
19.88 1.99697 1.05601
19.89 1.99575 1.06658
19.9 1.99431 1.07725
19.91 1.99267 1.08801
19.92 1.99081 1.09885
19.93 1.98873 1.10978
19.94 1.98644 1.12079
19.95 1.98393 1.13189
19.96 1.98121 1.14307
19.97 1.97826 1.15432
19.98 1.9751 1.16565
19.99 1.97172 1.17705
20 1.96812 1.18853
